# relative_time, cycles_done, cur_item, corpus_count, pending_total, pending_favs, map_size, saved_crashes, saved_hangs, max_depth, execs_per_sec, total_execs, edges_found, total_crashes, servers_count
61, 8, 6, 7, 1, 0, 56.67%, 0, 0, 6, 180.84, 10759, 17, 0, 0
66, 8, 4, 7, 0, 0, 56.67%, 0, 0, 6, 179.90, 11655, 17, 0, 0
71, 9, 5, 7, 0, 0, 56.67%, 0, 0, 6, 170.81, 12506, 17, 0, 0
76, 9, 4, 7, 0, 0, 56.67%, 0, 0, 6, 177.62, 13292, 17, 0, 0
81, 9, 5, 7, 0, 0, 56.67%, 0, 0, 6, 177.81, 14217, 17, 0, 0
87, 10, 5, 7, 0, 0, 56.67%, 0, 0, 6, 177.47, 15126, 17, 0, 0
92, 10, 5, 7, 0, 0, 56.67%, 0, 0, 6, 183.98, 16076, 17, 0, 0
97, 10, 5, 7, 0, 0, 56.67%, 0, 0, 6, 188.58, 17047, 17, 0, 0
102, 11, 5, 7, 0, 0, 56.67%, 0, 0, 6, 170.82, 17923, 17, 0, 0
107, 11, 5, 7, 0, 0, 56.67%, 0, 0, 6, 180.94, 18711, 17, 0, 0
113, 11, 4, 7, 0, 0, 56.67%, 0, 0, 6, 180.47, 19649, 17, 0, 0
118, 12, 4, 7, 0, 0, 56.67%, 0, 0, 6, 175.94, 20531, 17, 0, 0
123, 12, 5, 7, 0, 0, 56.67%, 0, 0, 6, 179.48, 21461, 17, 0, 0
128, 13, 5, 7, 0, 0, 56.67%, 0, 0, 6, 181.42, 22374, 17, 0, 0
133, 13, 5, 7, 0, 0, 56.67%, 0, 0, 6, 181.09, 23310, 17, 0, 0
138, 14, 6, 7, 0, 0, 56.67%, 0, 0, 6, 183.24, 24009, 17, 0, 0
143, 14, 5, 7, 0, 0, 56.67%, 0, 0, 6, 179.50, 24935, 17, 0, 0
148, 14, 5, 7, 0, 0, 56.67%, 0, 0, 6, 180.43, 25876, 17, 0, 0
154, 15, 5, 7, 0, 0, 56.67%, 0, 0, 6, 179.81, 26810, 17, 0, 0
159, 15, 4, 7, 0, 0, 56.67%, 0, 0, 6, 178.42, 27713, 17, 0, 0
164, 15, 1, 7, 0, 0, 56.67%, 0, 0, 6, 178.86, 28638, 17, 0, 0
169, 16, 5, 7, 0, 0, 56.67%, 0, 0, 6, 181.56, 29356, 17, 0, 0
174, 16, 5, 7, 0, 0, 56.67%, 0, 0, 6, 181.06, 30262, 17, 0, 0
179, 16, 5, 7, 0, 0, 56.67%, 0, 0, 6, 181.15, 31207, 17, 0, 0
184, 17, 5, 7, 0, 0, 56.67%, 0, 0, 6, 181.51, 32120, 17, 0, 0
189, 17, 4, 7, 0, 0, 56.67%, 0, 0, 6, 181.78, 33038, 17, 0, 0
194, 17, 5, 7, 0, 0, 56.67%, 0, 0, 6, 181.77, 33953, 17, 0, 0
199, 18, 5, 7, 0, 0, 56.67%, 0, 0, 6, 180.26, 34645, 17, 0, 0
204, 18, 4, 7, 0, 0, 56.67%, 0, 0, 6, 180.64, 35549, 17, 0, 0
209, 19, 1, 7, 0, 0, 56.67%, 0, 0, 6, 182.82, 36468, 17, 0, 0
215, 19, 5, 7, 0, 0, 56.67%, 0, 0, 6, 170.79, 37344, 17, 0, 0
220, 19, 4, 7, 0, 0, 56.67%, 0, 0, 6, 175.50, 38249, 17, 0, 0
225, 20, 5, 7, 0, 0, 56.67%, 0, 0, 6, 176.40, 39159, 17, 0, 0
230, 20, 5, 7, 0, 0, 56.67%, 0, 0, 6, 178.85, 39844, 17, 0, 0
235, 20, 5, 7, 0, 0, 56.67%, 0, 0, 6, 176.59, 40754, 17, 0, 0
240, 21, 5, 7, 0, 0, 56.67%, 0, 0, 6, 175.59, 41653, 17, 0, 0
245, 21, 2, 7, 0, 0, 56.67%, 0, 0, 6, 176.42, 42559, 17, 0, 0
251, 22, 5, 7, 0, 0, 56.67%, 0, 0, 6, 176.15, 43460, 17, 0, 0
256, 22, 5, 7, 0, 0, 56.67%, 0, 0, 6, 178.39, 44387, 17, 0, 0
261, 23, 5, 7, 0, 0, 56.67%, 0, 0, 6, 181.98, 45082, 17, 0, 0
266, 23, 5, 7, 0, 0, 56.67%, 0, 0, 6, 181.88, 45995, 17, 0, 0
271, 24, 5, 7, 0, 0, 56.67%, 0, 0, 6, 184.17, 46925, 17, 0, 0
276, 24, 3, 7, 0, 0, 56.67%, 0, 0, 6, 183.28, 47844, 17, 0, 0
281, 24, 5, 7, 0, 0, 56.67%, 0, 0, 6, 184.21, 48765, 17, 0, 0
286, 25, 5, 7, 0, 0, 56.67%, 0, 0, 6, 184.59, 49728, 17, 0, 0
291, 25, 1, 7, 0, 0, 56.67%, 0, 0, 6, 184.72, 50435, 17, 0, 0
296, 26, 5, 7, 0, 0, 56.67%, 0, 0, 6, 183.58, 51359, 17, 0, 0
301, 26, 5, 7, 0, 0, 56.67%, 0, 0, 6, 183.56, 52278, 17, 0, 0
306, 27, 4, 7, 0, 0, 56.67%, 0, 0, 6, 186.02, 53210, 17, 0, 0
311, 27, 6, 7, 0, 0, 56.67%, 0, 0, 6, 183.61, 54129, 17, 0, 0
316, 27, 5, 7, 0, 0, 56.67%, 0, 0, 6, 181.40, 55070, 17, 0, 0
321, 28, 5, 7, 0, 0, 56.67%, 0, 0, 6, 30.31, 55782, 17, 0, 0
327, 28, 4, 7, 0, 0, 56.67%, 0, 0, 6, 178.60, 56704, 17, 0, 0
332, 28, 6, 7, 0, 0, 56.67%, 0, 0, 6, 181.42, 57615, 17, 0, 0
337, 29, 5, 7, 0, 0, 56.67%, 0, 0, 6, 181.91, 58563, 17, 0, 0
342, 29, 4, 7, 0, 0, 56.67%, 0, 0, 6, 184.17, 59493, 17, 0, 0
347, 29, 6, 7, 0, 0, 56.67%, 0, 0, 6, 184.20, 60426, 17, 0, 0
352, 30, 5, 7, 0, 0, 56.67%, 0, 0, 6, 18.81, 61251, 17, 0, 0
357, 30, 5, 7, 0, 0, 56.67%, 0, 0, 6, 183.81, 62062, 17, 0, 0
362, 30, 5, 7, 0, 0, 56.67%, 0, 0, 6, 180.78, 62974, 17, 0, 0
367, 31, 5, 7, 0, 0, 56.67%, 0, 0, 6, 179.29, 63903, 17, 0, 0
373, 31, 5, 7, 0, 0, 56.67%, 0, 0, 6, 183.48, 64853, 17, 0, 0
378, 32, 3, 7, 0, 0, 56.67%, 0, 0, 6, 190.95, 65856, 17, 0, 0
383, 32, 5, 7, 0, 0, 56.67%, 0, 0, 6, 186.85, 66831, 17, 0, 0
388, 33, 5, 7, 0, 0, 56.67%, 0, 0, 6, 194.87, 67691, 17, 0, 0
393, 33, 5, 7, 0, 0, 56.67%, 0, 0, 6, 196.15, 68713, 17, 0, 0
399, 33, 5, 7, 0, 0, 56.67%, 0, 0, 6, 195.25, 69730, 17, 0, 0
404, 34, 5, 7, 0, 0, 56.67%, 0, 0, 6, 193.65, 70740, 17, 0, 0
409, 34, 5, 7, 0, 0, 56.67%, 0, 0, 6, 193.59, 71738, 17, 0, 0
414, 34, 5, 7, 0, 0, 56.67%, 0, 0, 6, 11.26, 72678, 17, 0, 0
419, 35, 4, 7, 0, 0, 56.67%, 0, 0, 6, 189.67, 73516, 17, 0, 0
425, 35, 4, 7, 0, 0, 56.67%, 0, 0, 6, 194.62, 74528, 17, 0, 0
430, 36, 4, 7, 0, 0, 56.67%, 0, 0, 6, 195.10, 75540, 17, 0, 0
435, 36, 1, 7, 0, 0, 56.67%, 0, 0, 6, 195.55, 76547, 17, 0, 0
440, 37, 4, 7, 0, 0, 56.67%, 0, 0, 6, 189.92, 77528, 17, 0, 0
446, 37, 5, 7, 0, 0, 56.67%, 0, 0, 6, 30.35, 78490, 17, 0, 0
451, 37, 4, 7, 0, 0, 56.67%, 0, 0, 6, 194.32, 79344, 17, 0, 0
456, 38, 5, 7, 0, 0, 56.67%, 0, 0, 6, 195.99, 80334, 17, 0, 0
461, 38, 5, 7, 0, 0, 56.67%, 0, 0, 6, 197.03, 81358, 17, 0, 0
466, 39, 4, 7, 0, 0, 56.67%, 0, 0, 6, 196.84, 82377, 17, 0, 0
471, 39, 5, 7, 0, 0, 56.67%, 0, 0, 6, 194.35, 83377, 17, 0, 0
476, 40, 4, 7, 0, 0, 56.67%, 0, 0, 6, 193.30, 84338, 17, 0, 0
481, 40, 5, 7, 0, 0, 56.67%, 0, 0, 6, 193.64, 85071, 17, 0, 0
486, 40, 5, 7, 0, 0, 56.67%, 0, 0, 6, 195.02, 86056, 17, 0, 0
491, 41, 4, 7, 0, 0, 56.67%, 0, 0, 6, 195.03, 87032, 17, 0, 0
496, 41, 5, 7, 0, 0, 56.67%, 0, 0, 6, 194.91, 88043, 17, 0, 0
502, 42, 5, 7, 0, 0, 56.67%, 0, 0, 6, 196.38, 89065, 17, 0, 0
507, 42, 4, 7, 0, 0, 56.67%, 0, 0, 6, 191.06, 90052, 17, 0, 0
512, 43, 4, 7, 0, 0, 56.67%, 0, 0, 6, 192.14, 90823, 17, 0, 0
517, 43, 5, 7, 0, 0, 56.67%, 0, 0, 6, 195.07, 91807, 17, 0, 0
522, 44, 5, 7, 0, 0, 56.67%, 0, 0, 6, 193.93, 92815, 17, 0, 0
527, 44, 5, 7, 0, 0, 56.67%, 0, 0, 6, 195.31, 93832, 17, 0, 0
533, 45, 5, 7, 0, 0, 56.67%, 0, 0, 6, 195.33, 94840, 17, 0, 0
538, 45, 5, 7, 0, 0, 56.67%, 0, 0, 6, 193.78, 95837, 17, 0, 0
543, 46, 6, 7, 0, 0, 56.67%, 0, 0, 6, 190.42, 96577, 17, 0, 0
548, 46, 5, 7, 0, 0, 56.67%, 0, 0, 6, 194.23, 97579, 17, 0, 0
553, 46, 4, 7, 0, 0, 56.67%, 0, 0, 6, 195.28, 98593, 17, 0, 0
558, 47, 5, 7, 0, 0, 56.67%, 0, 0, 6, 194.74, 99601, 17, 0, 0
564, 47, 5, 7, 0, 0, 56.67%, 0, 0, 6, 193.84, 100607, 17, 0, 0
569, 48, 4, 7, 0, 0, 56.67%, 0, 0, 6, 195.13, 101586, 17, 0, 0
574, 48, 5, 7, 0, 0, 56.67%, 0, 0, 6, 191.21, 102322, 17, 0, 0
579, 49, 4, 7, 0, 0, 56.67%, 0, 0, 6, 193.40, 103319, 17, 0, 0
584, 49, 5, 7, 0, 0, 56.67%, 0, 0, 6, 195.67, 104303, 17, 0, 0
589, 49, 5, 7, 0, 0, 56.67%, 0, 0, 6, 196.23, 105291, 17, 0, 0
594, 50, 5, 7, 0, 0, 56.67%, 0, 0, 6, 197.07, 106277, 17, 0, 0
599, 50, 1, 7, 0, 0, 56.67%, 0, 0, 6, 195.27, 107293, 17, 0, 0
604, 51, 5, 11, 4, 0, 56.67%, 0, 0, 6, 195.52, 108030, 17, 0, 0
609, 51, 5, 12, 5, 0, 56.67%, 0, 0, 6, 189.84, 109012, 17, 0, 0
614, 51, 5, 12, 5, 0, 56.67%, 0, 0, 6, 193.54, 110017, 17, 0, 0
619, 51, 5, 13, 6, 0, 60.00%, 0, 0, 6, 194.48, 110993, 18, 0, 0
624, 51, 5, 13, 6, 0, 60.00%, 0, 0, 6, 195.40, 111974, 18, 0, 0
630, 51, 5, 13, 6, 0, 60.00%, 0, 0, 6, 195.58, 112991, 18, 0, 0
635, 51, 5, 13, 6, 0, 60.00%, 0, 0, 6, 187.87, 113759, 18, 0, 0
640, 51, 5, 15, 8, 0, 60.00%, 0, 0, 6, 191.32, 114763, 18, 0, 0
645, 51, 5, 15, 8, 0, 60.00%, 0, 0, 6, 193.66, 115765, 18, 0, 0
650, 51, 5, 16, 9, 0, 60.00%, 0, 0, 6, 195.27, 116747, 18, 0, 0
655, 51, 5, 17, 10, 0, 60.00%, 0, 0, 6, 195.99, 117732, 18, 0, 0
660, 51, 5, 18, 11, 0, 60.00%, 0, 0, 6, 195.76, 118714, 18, 0, 0
665, 51, 5, 18, 11, 0, 60.00%, 0, 0, 6, 194.46, 119491, 18, 0, 0
671, 51, 17, 18, 11, 1, 60.00%, 0, 0, 6, 194.88, 120507, 18, 0, 0
676, 51, 17, 18, 11, 1, 60.00%, 0, 0, 6, 185.55, 121434, 18, 0, 0
681, 51, 10, 19, 11, 0, 60.00%, 0, 0, 7, 188.02, 122395, 18, 0, 0
686, 51, 10, 21, 13, 0, 60.00%, 0, 0, 7, 193.80, 123374, 18, 0, 0
691, 51, 10, 21, 13, 0, 60.00%, 0, 0, 7, 194.33, 124388, 18, 0, 0
696, 51, 10, 22, 14, 0, 60.00%, 0, 0, 7, 8.29, 125130, 18, 0, 0
701, 51, 10, 23, 15, 0, 60.00%, 0, 0, 7, 193.78, 126103, 18, 0, 0
706, 51, 10, 24, 16, 0, 60.00%, 0, 0, 7, 192.68, 127106, 18, 0, 0
711, 51, 10, 24, 16, 0, 60.00%, 0, 0, 7, 192.33, 128063, 18, 0, 0
716, 51, 10, 24, 16, 0, 60.00%, 0, 0, 7, 194.96, 129077, 18, 0, 0
722, 51, 10, 24, 16, 0, 60.00%, 0, 0, 7, 194.60, 130085, 18, 0, 0
727, 51, 10, 24, 16, 0, 60.00%, 0, 0, 7, 36.47, 130940, 18, 0, 0
732, 51, 10, 24, 16, 0, 60.00%, 0, 0, 7, 193.85, 131948, 18, 0, 0
737, 51, 10, 24, 16, 0, 60.00%, 0, 0, 7, 194.25, 132923, 18, 0, 0
743, 51, 10, 24, 16, 0, 60.00%, 0, 0, 7, 189.70, 133910, 18, 0, 0
748, 51, 10, 24, 16, 0, 60.00%, 0, 0, 7, 190.94, 134909, 18, 0, 0
753, 51, 22, 24, 15, 0, 60.00%, 0, 0, 7, 191.84, 135913, 18, 0, 0
758, 51, 22, 24, 15, 0, 60.00%, 0, 0, 7, 4.23, 136714, 18, 0, 0
764, 51, 22, 24, 15, 0, 60.00%, 0, 0, 7, 189.41, 137687, 18, 0, 0
769, 51, 17, 24, 14, 0, 60.00%, 0, 0, 7, 191.39, 138673, 18, 0, 0
774, 51, 20, 24, 14, 0, 60.00%, 0, 0, 7, 176.27, 139548, 18, 0, 0
779, 51, 20, 26, 16, 0, 60.00%, 0, 0, 8, 172.03, 140414, 18, 0, 0
784, 51, 20, 26, 16, 0, 60.00%, 0, 0, 8, 166.52, 141275, 18, 0, 0
790, 51, 20, 26, 16, 0, 60.00%, 0, 0, 8, 10.55, 142012, 18, 0, 0
795, 51, 20, 26, 16, 0, 60.00%, 0, 0, 8, 166.05, 142844, 18, 0, 0
800, 51, 25, 26, 15, 0, 60.00%, 0, 0, 8, 162.54, 143690, 18, 0, 0
805, 51, 25, 26, 15, 0, 60.00%, 0, 0, 8, 159.86, 144516, 18, 0, 0
810, 51, 25, 26, 15, 0, 60.00%, 0, 0, 8, 158.68, 145338, 18, 0, 0
815, 51, 15, 26, 14, 0, 60.00%, 0, 0, 8, 169.76, 146205, 18, 0, 0
821, 51, 15, 26, 14, 0, 60.00%, 0, 0, 8, 8.22, 146950, 18, 0, 0
826, 51, 23, 26, 13, 0, 60.00%, 0, 0, 8, 174.76, 147849, 18, 0, 0
831, 51, 23, 26, 13, 0, 60.00%, 0, 0, 8, 174.16, 148749, 18, 0, 0
836, 51, 23, 26, 13, 0, 60.00%, 0, 0, 8, 174.46, 149650, 18, 0, 0
841, 51, 11, 26, 12, 0, 60.00%, 0, 0, 8, 180.36, 150558, 18, 0, 0
847, 51, 11, 26, 12, 0, 60.00%, 0, 0, 8, 182.68, 151493, 18, 0, 0
852, 51, 12, 26, 11, 0, 60.00%, 0, 0, 8, 18.04, 152266, 18, 0, 0
857, 51, 12, 26, 11, 0, 60.00%, 0, 0, 8, 177.58, 153166, 18, 0, 0
862, 51, 12, 26, 11, 0, 60.00%, 0, 0, 8, 176.14, 154067, 18, 0, 0
868, 51, 21, 26, 10, 0, 60.00%, 0, 0, 8, 178.39, 154981, 18, 0, 0
873, 51, 21, 26, 10, 0, 60.00%, 0, 0, 8, 178.21, 155892, 18, 0, 0
878, 51, 13, 26, 9, 0, 60.00%, 0, 0, 8, 176.86, 156797, 18, 0, 0
883, 51, 13, 26, 9, 0, 60.00%, 0, 0, 8, 4.20, 157583, 18, 0, 0
889, 51, 8, 26, 8, 0, 60.00%, 0, 0, 8, 175.00, 158485, 18, 0, 0
894, 51, 8, 26, 8, 0, 60.00%, 0, 0, 8, 181.31, 159417, 18, 0, 0
899, 51, 19, 26, 7, 0, 60.00%, 0, 0, 8, 180.47, 160349, 18, 0, 0
904, 51, 19, 26, 7, 0, 60.00%, 0, 0, 8, 179.68, 161263, 18, 0, 0
909, 51, 22, 26, 6, 0, 60.00%, 0, 0, 8, 178.56, 162183, 18, 0, 0
915, 51, 17, 26, 6, 0, 60.00%, 0, 0, 8, 8.21, 162959, 18, 0, 0
920, 51, 9, 26, 6, 0, 60.00%, 0, 0, 8, 182.33, 163879, 18, 0, 0
925, 51, 9, 26, 6, 0, 60.00%, 0, 0, 8, 182.72, 164809, 18, 0, 0
930, 51, 21, 26, 5, 0, 60.00%, 0, 0, 8, 179.63, 165706, 18, 0, 0
935, 51, 7, 26, 5, 0, 60.00%, 0, 0, 8, 183.62, 166634, 18, 0, 0
940, 51, 16, 26, 4, 0, 60.00%, 0, 0, 8, 180.16, 167553, 18, 0, 0
945, 51, 16, 26, 4, 0, 60.00%, 0, 0, 8, 31.48, 168360, 18, 0, 0
950, 51, 14, 26, 3, 0, 60.00%, 0, 0, 8, 174.49, 169124, 18, 0, 0
955, 51, 14, 26, 3, 0, 60.00%, 0, 0, 8, 178.06, 170033, 18, 0, 0
960, 52, 24, 26, 2, 0, 60.00%, 0, 0, 8, 172.85, 170938, 18, 0, 0
965, 52, 24, 26, 2, 0, 60.00%, 0, 0, 8, 164.68, 171748, 18, 0, 0
971, 52, 24, 26, 2, 0, 60.00%, 0, 0, 8, 162.42, 172579, 18, 0, 0
976, 52, 11, 26, 1, 0, 60.00%, 0, 0, 8, 167.79, 173434, 18, 0, 0
981, 52, 17, 26, 1, 0, 60.00%, 0, 0, 8, 179.72, 174127, 18, 0, 0
986, 52, 17, 26, 1, 0, 60.00%, 0, 0, 8, 180.31, 175031, 18, 0, 0
991, 52, 17, 26, 1, 0, 60.00%, 0, 0, 8, 180.59, 175967, 18, 0, 0
996, 52, 17, 26, 1, 0, 60.00%, 0, 0, 8, 177.16, 176878, 18, 0, 0
1001, 52, 22, 26, 1, 0, 60.00%, 0, 0, 8, 176.27, 177782, 18, 0, 0
1007, 53, 17, 26, 1, 0, 60.00%, 0, 0, 8, 174.92, 178690, 18, 0, 0
1012, 53, 18, 26, 1, 0, 60.00%, 0, 0, 8, 160.98, 179349, 18, 0, 0
1017, 53, 17, 26, 0, 0, 60.00%, 0, 0, 8, 172.85, 180258, 18, 0, 0
1022, 53, 17, 26, 0, 0, 60.00%, 0, 0, 8, 175.10, 181160, 18, 0, 0
1027, 53, 1, 26, 0, 0, 60.00%, 0, 0, 8, 177.26, 182076, 18, 0, 0
1032, 53, 17, 26, 0, 0, 60.00%, 0, 0, 8, 177.74, 182988, 18, 0, 0
1038, 53, 21, 26, 0, 0, 60.00%, 0, 0, 8, 175.37, 183893, 18, 0, 0
1043, 53, 1, 26, 0, 0, 60.00%, 0, 0, 8, 177.45, 184585, 18, 0, 0
1048, 54, 17, 26, 0, 0, 60.00%, 0, 0, 8, 178.80, 185482, 18, 0, 0
1053, 54, 17, 26, 0, 0, 60.00%, 0, 0, 8, 178.29, 186396, 18, 0, 0
1058, 54, 25, 26, 0, 0, 60.00%, 0, 0, 8, 172.58, 187293, 18, 0, 0
1063, 54, 17, 26, 0, 0, 60.00%, 0, 0, 8, 178.09, 188187, 18, 0, 0
1068, 54, 9, 26, 0, 0, 60.00%, 0, 0, 8, 179.93, 189119, 18, 0, 0
1073, 54, 23, 26, 0, 0, 60.00%, 0, 0, 8, 178.15, 189822, 18, 0, 0
1078, 55, 17, 26, 0, 0, 60.00%, 0, 0, 8, 178.22, 190712, 18, 0, 0
1083, 55, 22, 26, 0, 0, 60.00%, 0, 0, 8, 175.08, 191615, 18, 0, 0
1089, 55, 17, 26, 0, 0, 60.00%, 0, 0, 8, 173.31, 192510, 18, 0, 0
1094, 55, 17, 26, 0, 0, 60.00%, 0, 0, 8, 178.45, 193409, 18, 0, 0
1099, 55, 17, 26, 0, 0, 60.00%, 0, 0, 8, 178.32, 194313, 18, 0, 0
1104, 55, 17, 26, 0, 0, 60.00%, 0, 0, 8, 178.61, 194976, 18, 0, 0
1109, 56, 17, 26, 0, 0, 60.00%, 0, 0, 8, 174.64, 195851, 18, 0, 0
1114, 56, 17, 26, 0, 0, 60.00%, 0, 0, 8, 175.84, 196758, 18, 0, 0
1119, 56, 17, 26, 0, 0, 60.00%, 0, 0, 8, 178.43, 197664, 18, 0, 0
1124, 56, 17, 26, 0, 0, 60.00%, 0, 0, 8, 178.05, 198548, 18, 0, 0
1129, 56, 12, 26, 0, 0, 60.00%, 0, 0, 8, 188.80, 199542, 18, 0, 0
1134, 56, 17, 26, 0, 0, 60.00%, 0, 0, 8, 189.66, 200297, 18, 0, 0
1140, 57, 23, 26, 0, 0, 60.00%, 0, 0, 8, 188.58, 201278, 18, 0, 0
1145, 57, 17, 26, 0, 0, 60.00%, 0, 0, 8, 188.36, 202258, 18, 0, 0
1150, 57, 15, 26, 0, 0, 60.00%, 0, 0, 8, 187.65, 203228, 18, 0, 0
1155, 57, 17, 26, 0, 0, 60.00%, 0, 0, 8, 187.42, 204185, 18, 0, 0
1160, 57, 7, 26, 0, 0, 60.00%, 0, 0, 8, 179.99, 205093, 18, 0, 0
1165, 57, 2, 26, 0, 0, 60.00%, 0, 0, 8, 178.30, 205779, 18, 0, 0
1170, 58, 17, 26, 0, 0, 60.00%, 0, 0, 8, 180.00, 206688, 18, 0, 0
1175, 58, 3, 26, 0, 0, 60.00%, 0, 0, 8, 181.74, 207604, 18, 0, 0
1180, 58, 17, 26, 0, 0, 60.00%, 0, 0, 8, 182.84, 208525, 18, 0, 0
1185, 58, 17, 26, 0, 0, 60.00%, 0, 0, 8, 182.61, 209473, 18, 0, 0
1190, 58, 1, 26, 0, 0, 60.00%, 0, 0, 8, 183.54, 210394, 18, 0, 0
1196, 58, 17, 26, 0, 0, 60.00%, 0, 0, 8, 18.79, 211145, 18, 0, 0
1201, 59, 17, 26, 0, 0, 60.00%, 0, 0, 8, 183.22, 212069, 18, 0, 0
1206, 59, 17, 26, 0, 0, 60.00%, 0, 0, 8, 182.44, 212982, 18, 0, 0
1211, 59, 25, 26, 0, 0, 60.00%, 0, 0, 8, 180.31, 213928, 18, 0, 0
1216, 59, 2, 26, 0, 0, 60.00%, 0, 0, 8, 180.42, 214846, 18, 0, 0
1221, 59, 17, 26, 0, 0, 60.00%, 0, 0, 8, 182.00, 215766, 18, 0, 0
1226, 59, 7, 26, 0, 0, 60.00%, 0, 0, 8, 34.48, 216579, 18, 0, 0
1231, 60, 17, 26, 0, 0, 60.00%, 0, 0, 8, 184.07, 217379, 18, 0, 0
1236, 60, 17, 26, 0, 0, 60.00%, 0, 0, 8, 180.11, 218282, 18, 0, 0
1241, 60, 13, 26, 0, 0, 60.00%, 0, 0, 8, 182.49, 219201, 18, 0, 0
1247, 60, 19, 26, 0, 0, 60.00%, 0, 0, 8, 179.67, 220133, 18, 0, 0
1252, 60, 17, 26, 0, 0, 60.00%, 0, 0, 8, 182.47, 221058, 18, 0, 0
1257, 61, 17, 26, 0, 0, 60.00%, 0, 0, 8, 180.28, 221963, 18, 0, 0
1262, 61, 17, 26, 0, 0, 60.00%, 0, 0, 8, 182.47, 222667, 18, 0, 0
1267, 61, 22, 26, 0, 0, 60.00%, 0, 0, 8, 181.58, 223578, 18, 0, 0
1272, 61, 19, 26, 0, 0, 60.00%, 0, 0, 8, 182.23, 224503, 18, 0, 0
1277, 61, 23, 26, 0, 0, 60.00%, 0, 0, 8, 180.31, 225413, 18, 0, 0
1282, 61, 14, 26, 0, 0, 60.00%, 0, 0, 8, 181.41, 226354, 18, 0, 0
1287, 61, 17, 26, 0, 0, 60.00%, 0, 0, 8, 182.41, 227278, 18, 0, 0
1292, 62, 17, 26, 0, 0, 60.00%, 0, 0, 8, 181.71, 227997, 18, 0, 0
1297, 62, 17, 26, 0, 0, 60.00%, 0, 0, 8, 184.22, 228930, 18, 0, 0
1303, 62, 6, 26, 0, 0, 60.00%, 0, 0, 8, 184.54, 229855, 18, 0, 0
1308, 62, 17, 26, 0, 0, 60.00%, 0, 0, 8, 184.23, 230815, 18, 0, 0
1313, 62, 21, 26, 0, 0, 60.00%, 0, 0, 8, 184.08, 231745, 18, 0, 0
1318, 63, 23, 26, 0, 0, 60.00%, 0, 0, 8, 182.87, 232664, 18, 0, 0
1323, 63, 10, 26, 0, 0, 60.00%, 0, 0, 8, 179.92, 233351, 18, 0, 0
1328, 63, 2, 26, 0, 0, 60.00%, 0, 0, 8, 183.68, 234276, 18, 0, 0
1333, 63, 1, 26, 0, 0, 60.00%, 0, 0, 8, 181.65, 235179, 18, 0, 0
1338, 63, 17, 26, 0, 0, 60.00%, 0, 0, 8, 182.44, 236097, 18, 0, 0
1343, 63, 17, 26, 0, 0, 60.00%, 0, 0, 8, 183.03, 237021, 18, 0, 0
1348, 64, 2, 26, 0, 0, 60.00%, 0, 0, 8, 182.48, 237934, 18, 0, 0
1353, 64, 7, 26, 0, 0, 60.00%, 0, 0, 8, 179.67, 238634, 18, 0, 0
1358, 64, 11, 26, 0, 0, 60.00%, 0, 0, 8, 181.99, 239551, 18, 0, 0
1363, 64, 2, 26, 0, 0, 60.00%, 0, 0, 8, 182.88, 240479, 18, 0, 0
1368, 64, 17, 26, 0, 0, 60.00%, 0, 0, 8, 183.50, 241407, 18, 0, 0
1373, 64, 17, 26, 0, 0, 60.00%, 0, 0, 8, 182.41, 242325, 18, 0, 0
1378, 65, 15, 26, 0, 0, 60.00%, 0, 0, 8, 180.11, 243260, 18, 0, 0
1383, 65, 22, 26, 0, 0, 60.00%, 0, 0, 8, 180.00, 243939, 18, 0, 0
1389, 65, 17, 26, 0, 0, 60.00%, 0, 0, 8, 182.26, 244860, 18, 0, 0
1394, 65, 20, 26, 0, 0, 60.00%, 0, 0, 8, 181.92, 245807, 18, 0, 0
1399, 65, 16, 26, 0, 0, 60.00%, 0, 0, 8, 181.25, 246715, 18, 0, 0
1404, 65, 17, 26, 0, 0, 60.00%, 0, 0, 8, 182.97, 247633, 18, 0, 0
1409, 66, 17, 26, 0, 0, 60.00%, 0, 0, 8, 181.06, 248543, 18, 0, 0
1415, 66, 7, 26, 0, 0, 60.00%, 0, 0, 8, 10.32, 249359, 18, 0, 0
1420, 66, 8, 26, 0, 0, 60.00%, 0, 0, 8, 184.32, 250284, 18, 0, 0
1425, 66, 17, 26, 0, 0, 60.00%, 0, 0, 8, 183.66, 251206, 18, 0, 0
1430, 66, 17, 26, 0, 0, 60.00%, 0, 0, 8, 184.12, 252134, 18, 0, 0
1435, 67, 17, 26, 0, 0, 60.00%, 0, 0, 8, 183.39, 253067, 18, 0, 0
1440, 67, 7, 26, 0, 0, 60.00%, 0, 0, 8, 183.23, 253984, 18, 0, 0
1445, 67, 17, 26, 0, 0, 60.00%, 0, 0, 8, 172.88, 254846, 18, 0, 0
1450, 67, 17, 26, 0, 0, 60.00%, 0, 0, 8, 183.32, 255664, 18, 0, 0
1455, 67, 21, 26, 0, 0, 60.00%, 0, 0, 8, 182.58, 256579, 18, 0, 0
1460, 67, 25, 26, 0, 0, 60.00%, 0, 0, 8, 176.78, 257499, 18, 0, 0
1465, 68, 17, 26, 0, 0, 60.00%, 0, 0, 8, 181.24, 258412, 18, 0, 0
1470, 68, 19, 26, 0, 0, 60.00%, 0, 0, 8, 182.35, 259328, 18, 0, 0
1476, 68, 17, 26, 0, 0, 60.00%, 0, 0, 8, 182.66, 260257, 18, 0, 0
1481, 68, 10, 26, 0, 0, 60.00%, 0, 0, 8, 184.33, 260954, 18, 0, 0
1486, 68, 2, 26, 0, 0, 60.00%, 0, 0, 8, 181.04, 261855, 18, 0, 0
1491, 68, 17, 26, 0, 0, 60.00%, 0, 0, 8, 182.01, 262773, 18, 0, 0
1496, 69, 17, 26, 0, 0, 60.00%, 0, 0, 8, 183.53, 263700, 18, 0, 0
1501, 69, 11, 26, 0, 0, 60.00%, 0, 0, 8, 183.17, 264622, 18, 0, 0
1506, 69, 24, 26, 0, 0, 60.00%, 0, 0, 8, 178.86, 265557, 18, 0, 0
1511, 69, 17, 26, 0, 0, 60.00%, 0, 0, 8, 179.18, 266230, 18, 0, 0
1516, 69, 7, 26, 0, 0, 60.00%, 0, 0, 8, 181.39, 267143, 18, 0, 0
1521, 69, 17, 26, 0, 0, 60.00%, 0, 0, 8, 180.52, 268081, 18, 0, 0
1526, 69, 17, 26, 0, 0, 60.00%, 0, 0, 8, 182.83, 269006, 18, 0, 0
1531, 70, 19, 26, 0, 0, 60.00%, 0, 0, 8, 182.88, 269936, 18, 0, 0
1536, 70, 14, 26, 0, 0, 60.00%, 0, 0, 8, 181.60, 270855, 18, 0, 0
1541, 70, 17, 26, 0, 0, 60.00%, 0, 0, 8, 182.80, 271548, 18, 0, 0
1546, 70, 22, 26, 0, 0, 60.00%, 0, 0, 8, 182.04, 272469, 18, 0, 0
1551, 70, 17, 26, 0, 0, 60.00%, 0, 0, 8, 182.66, 273388, 18, 0, 0
1557, 71, 17, 26, 0, 0, 60.00%, 0, 0, 8, 182.89, 274309, 18, 0, 0
1562, 71, 17, 26, 0, 0, 60.00%, 0, 0, 8, 183.41, 275234, 18, 0, 0
1567, 71, 16, 26, 0, 0, 60.00%, 0, 0, 8, 180.65, 276166, 18, 0, 0
1572, 71, 17, 26, 0, 0, 60.00%, 0, 0, 8, 178.66, 276858, 18, 0, 0
1577, 71, 15, 26, 0, 0, 60.00%, 0, 0, 8, 178.62, 277760, 18, 0, 0
1582, 71, 1, 26, 0, 0, 60.00%, 0, 0, 8, 182.14, 278682, 18, 0, 0
1587, 72, 17, 26, 0, 0, 60.00%, 0, 0, 8, 180.48, 279618, 18, 0, 0
1592, 72, 22, 26, 0, 0, 60.00%, 0, 0, 8, 182.35, 280543, 18, 0, 0
1597, 72, 17, 26, 0, 0, 60.00%, 0, 0, 8, 182.32, 281464, 18, 0, 0
1602, 72, 17, 26, 0, 0, 60.00%, 0, 0, 8, 183.17, 282155, 18, 0, 0
1607, 72, 2, 26, 0, 0, 60.00%, 0, 0, 8, 182.57, 283079, 18, 0, 0
1613, 72, 17, 26, 0, 0, 60.00%, 0, 0, 8, 180.53, 284016, 18, 0, 0
1618, 73, 12, 26, 0, 0, 60.00%, 0, 0, 8, 181.22, 284928, 18, 0, 0
1623, 73, 17, 26, 0, 0, 60.00%, 0, 0, 8, 181.93, 285869, 18, 0, 0
1628, 73, 17, 26, 0, 0, 60.00%, 0, 0, 8, 183.45, 286801, 18, 0, 0
1633, 73, 17, 26, 0, 0, 60.00%, 0, 0, 8, 14.90, 287569, 18, 0, 0
1639, 73, 17, 26, 0, 0, 60.00%, 0, 0, 8, 181.03, 288512, 18, 0, 0
1644, 73, 17, 26, 0, 0, 60.00%, 0, 0, 8, 180.33, 289422, 18, 0, 0
1649, 74, 2, 26, 0, 0, 60.00%, 0, 0, 8, 182.57, 290346, 18, 0, 0
1654, 74, 14, 26, 0, 0, 60.00%, 0, 0, 8, 183.56, 291270, 18, 0, 0
1659, 74, 17, 26, 0, 0, 60.00%, 0, 0, 8, 184.00, 292196, 18, 0, 0
1664, 74, 1, 26, 0, 0, 60.00%, 0, 0, 8, 15.46, 293046, 18, 0, 0
1669, 74, 17, 26, 0, 0, 60.00%, 0, 0, 8, 185.41, 293864, 18, 0, 0
1674, 74, 18, 26, 0, 0, 60.00%, 0, 0, 8, 182.63, 294775, 18, 0, 0
1679, 75, 19, 26, 0, 0, 60.00%, 0, 0, 8, 182.93, 295696, 18, 0, 0
1684, 75, 17, 26, 0, 0, 60.00%, 0, 0, 8, 182.33, 296615, 18, 0, 0
1689, 75, 9, 26, 0, 0, 60.00%, 0, 0, 8, 182.05, 297537, 18, 0, 0
1694, 75, 17, 26, 0, 0, 60.00%, 0, 0, 8, 183.16, 298469, 18, 0, 0
1699, 75, 17, 26, 0, 0, 60.00%, 0, 0, 8, 183.21, 299157, 18, 0, 0
1704, 75, 17, 26, 0, 0, 60.00%, 0, 0, 8, 184.17, 300076, 18, 0, 0
1709, 76, 17, 26, 0, 0, 60.00%, 0, 0, 8, 183.10, 301001, 18, 0, 0
1714, 76, 23, 26, 0, 0, 60.00%, 0, 0, 8, 182.92, 301921, 18, 0, 0
1719, 76, 1, 26, 0, 0, 60.00%, 0, 0, 8, 184.56, 302843, 18, 0, 0
1724, 76, 17, 26, 0, 0, 60.00%, 0, 0, 8, 183.12, 303766, 18, 0, 0
1729, 76, 21, 26, 0, 0, 60.00%, 0, 0, 8, 182.96, 304461, 18, 0, 0
1734, 76, 17, 26, 0, 0, 60.00%, 0, 0, 8, 182.85, 305387, 18, 0, 0
1740, 77, 17, 26, 0, 0, 60.00%, 0, 0, 8, 183.68, 306318, 18, 0, 0
1745, 77, 2, 26, 0, 0, 60.00%, 0, 0, 8, 182.62, 307228, 18, 0, 0
1750, 77, 11, 26, 0, 0, 60.00%, 0, 0, 8, 183.58, 308154, 18, 0, 0
1755, 77, 17, 26, 0, 0, 60.00%, 0, 0, 8, 180.96, 309088, 18, 0, 0
1760, 77, 11, 26, 0, 0, 60.00%, 0, 0, 8, 176.22, 309746, 18, 0, 0
1765, 77, 21, 26, 0, 0, 60.00%, 0, 0, 8, 181.37, 310672, 18, 0, 0
1770, 78, 17, 26, 0, 0, 60.00%, 0, 0, 8, 182.10, 311621, 18, 0, 0
1775, 78, 17, 26, 0, 0, 60.00%, 0, 0, 8, 182.30, 312534, 18, 0, 0
1780, 78, 21, 26, 0, 0, 60.00%, 0, 0, 8, 183.61, 313463, 18, 0, 0
1785, 78, 17, 26, 0, 0, 60.00%, 0, 0, 8, 183.53, 314387, 18, 0, 0
1790, 78, 17, 26, 0, 0, 60.00%, 0, 0, 8, 180.49, 315085, 18, 0, 0
1795, 78, 1, 26, 0, 0, 60.00%, 0, 0, 8, 177.51, 315976, 18, 0, 0
1800, 79, 17, 26, 0, 0, 60.00%, 0, 0, 8, 179.38, 316904, 18, 0, 0
1805, 79, 23, 26, 0, 0, 60.00%, 0, 0, 8, 176.81, 317796, 18, 0, 0
1810, 79, 16, 26, 0, 0, 60.00%, 0, 0, 8, 173.29, 318654, 18, 0, 0
1815, 79, 17, 26, 0, 0, 60.00%, 0, 0, 8, 176.25, 319546, 18, 0, 0
1821, 79, 15, 26, 0, 0, 60.00%, 0, 0, 8, 4.06, 320263, 18, 0, 0
1826, 79, 17, 26, 0, 0, 60.00%, 0, 0, 8, 178.15, 321196, 18, 0, 0
1831, 80, 17, 26, 0, 0, 60.00%, 0, 0, 8, 176.81, 322100, 18, 0, 0
1836, 80, 22, 26, 0, 0, 60.00%, 0, 0, 8, 175.94, 323007, 18, 0, 0
1842, 80, 17, 26, 0, 0, 60.00%, 0, 0, 8, 171.43, 323879, 18, 0, 0
1847, 80, 8, 26, 0, 0, 60.00%, 0, 0, 8, 175.48, 324790, 18, 0, 0
1852, 80, 17, 26, 0, 0, 60.00%, 0, 0, 8, 7.97, 325549, 18, 0, 0
1857, 80, 14, 26, 0, 0, 60.00%, 0, 0, 8, 183.94, 326472, 18, 0, 0
1862, 81, 17, 26, 0, 0, 60.00%, 0, 0, 8, 182.28, 327391, 18, 0, 0
1867, 81, 17, 26, 0, 0, 60.00%, 0, 0, 8, 182.90, 328304, 18, 0, 0
1872, 81, 17, 26, 0, 0, 60.00%, 0, 0, 8, 182.07, 329221, 18, 0, 0
1877, 81, 17, 26, 0, 0, 60.00%, 0, 0, 8, 182.07, 330134, 18, 0, 0
1883, 81, 17, 26, 0, 0, 60.00%, 0, 0, 8, 10.45, 331012, 18, 0, 0
1888, 81, 7, 26, 0, 0, 60.00%, 0, 0, 8, 179.65, 331785, 18, 0, 0
1893, 81, 23, 26, 0, 0, 60.00%, 0, 0, 8, 182.59, 332706, 18, 0, 0
1898, 82, 11, 26, 0, 0, 60.00%, 0, 0, 8, 182.35, 333619, 18, 0, 0
1903, 82, 12, 26, 0, 0, 60.00%, 0, 0, 8, 182.54, 334545, 18, 0, 0
1908, 82, 2, 26, 0, 0, 60.00%, 0, 0, 8, 184.19, 335473, 18, 0, 0
1913, 82, 17, 26, 0, 0, 60.00%, 0, 0, 8, 184.03, 336401, 18, 0, 0
1918, 82, 25, 26, 0, 0, 60.00%, 0, 0, 8, 179.61, 337103, 18, 0, 0
1923, 82, 17, 26, 0, 0, 60.00%, 0, 0, 8, 180.37, 338024, 18, 0, 0
1928, 83, 17, 26, 0, 0, 60.00%, 0, 0, 8, 181.02, 338969, 18, 0, 0
1933, 83, 10, 26, 0, 0, 60.00%, 0, 0, 8, 183.04, 339894, 18, 0, 0
1938, 83, 17, 26, 0, 0, 60.00%, 0, 0, 8, 183.09, 340815, 18, 0, 0
1944, 83, 17, 26, 0, 0, 60.00%, 0, 0, 8, 179.67, 341749, 18, 0, 0
1949, 83, 17, 26, 0, 0, 60.00%, 0, 0, 8, 179.60, 342461, 18, 0, 0
1954, 84, 17, 26, 0, 0, 60.00%, 0, 0, 8, 178.99, 343367, 18, 0, 0
1959, 84, 17, 26, 0, 0, 60.00%, 0, 0, 8, 181.08, 344282, 18, 0, 0
1964, 84, 17, 26, 0, 0, 60.00%, 0, 0, 8, 182.29, 345228, 18, 0, 0
1969, 84, 15, 26, 0, 0, 60.00%, 0, 0, 8, 182.06, 346142, 18, 0, 0
1974, 84, 19, 26, 0, 0, 60.00%, 0, 0, 8, 181.06, 347079, 18, 0, 0
1980, 84, 15, 26, 0, 0, 60.00%, 0, 0, 8, 177.22, 347778, 18, 0, 0
1985, 84, 17, 26, 0, 0, 60.00%, 0, 0, 8, 181.32, 348697, 18, 0, 0
1990, 85, 17, 26, 0, 0, 60.00%, 0, 0, 8, 181.86, 349609, 18, 0, 0
1995, 85, 10, 26, 0, 0, 60.00%, 0, 0, 8, 182.61, 350534, 18, 0, 0
2000, 85, 7, 26, 0, 0, 60.00%, 0, 0, 8, 183.52, 351463, 18, 0, 0
2005, 85, 17, 26, 0, 0, 60.00%, 0, 0, 8, 180.33, 352370, 18, 0, 0
2010, 85, 4, 26, 0, 0, 60.00%, 0, 0, 8, 182.45, 353063, 18, 0, 0
2015, 85, 17, 26, 0, 0, 60.00%, 0, 0, 8, 182.67, 354009, 18, 0, 0
2020, 86, 2, 26, 0, 0, 60.00%, 0, 0, 8, 180.61, 354949, 18, 0, 0
2025, 86, 17, 26, 0, 0, 60.00%, 0, 0, 8, 182.13, 355867, 18, 0, 0
2030, 86, 17, 26, 0, 0, 60.00%, 0, 0, 8, 182.76, 356787, 18, 0, 0
2035, 86, 25, 27, 1, 0, 60.00%, 0, 0, 9, 173.70, 357699, 18, 0, 0
2041, 86, 26, 27, 1, 0, 60.00%, 0, 0, 9, 154.21, 358352, 18, 0, 0
2046, 86, 26, 27, 1, 0, 60.00%, 0, 0, 9, 152.31, 359132, 18, 0, 0
2051, 86, 26, 27, 1, 0, 60.00%, 0, 0, 9, 150.90, 359891, 18, 0, 0
2056, 86, 26, 28, 2, 0, 60.00%, 0, 0, 10, 149.29, 360660, 18, 0, 0
2061, 86, 26, 28, 2, 0, 60.00%, 0, 0, 10, 149.08, 361420, 18, 0, 0
2066, 86, 26, 28, 2, 0, 60.00%, 0, 0, 10, 149.59, 362188, 18, 0, 0
2071, 86, 27, 28, 1, 0, 60.00%, 0, 0, 10, 151.22, 362753, 18, 0, 0
2076, 86, 27, 28, 1, 0, 60.00%, 0, 0, 10, 149.05, 363512, 18, 0, 0
2081, 86, 27, 28, 1, 0, 60.00%, 0, 0, 10, 146.18, 364263, 18, 0, 0
2087, 86, 20, 28, 0, 0, 60.00%, 0, 0, 10, 160.59, 365077, 18, 0, 0
2092, 86, 17, 28, 0, 0, 60.00%, 0, 0, 10, 177.96, 365995, 18, 0, 0
2097, 87, 1, 28, 0, 0, 60.00%, 0, 0, 10, 182.41, 366918, 18, 0, 0
2102, 87, 5, 28, 0, 0, 60.00%, 0, 0, 10, 22.70, 367710, 18, 0, 0
2107, 87, 16, 28, 0, 0, 60.00%, 0, 0, 10, 184.52, 368633, 18, 0, 0
2112, 87, 17, 28, 0, 0, 60.00%, 0, 0, 10, 183.32, 369550, 18, 0, 0
2117, 87, 17, 28, 0, 0, 60.00%, 0, 0, 10, 181.64, 370459, 18, 0, 0
2123, 87, 27, 28, 0, 0, 60.00%, 0, 0, 10, 165.52, 371333, 18, 0, 0
2128, 87, 27, 28, 0, 0, 60.00%, 0, 0, 10, 151.26, 372083, 18, 0, 0
2133, 88, 1, 28, 0, 0, 60.00%, 0, 0, 10, 21.64, 372918, 18, 0, 0
2136, 88, 21, 28, 0, 0, 60.00%, 0, 0, 10, 185.88, 373278, 18, 0, 0
